0.5036162,0.7873575,3.180873;0.5172248,0.1813322,2.986839;0.5127338,0.1271994,2.906473;0.5843164,0.06941963,2.863954;0.4412057,0.05506972,2.885221;0.5111896,0.5951824,3.121204;0.6612365,0.4719723,3.051906;0.3426968,0.4507264,3.073658;0.7748935,0.1905438,2.96269;0.2891868,0.1822864,3.00681;0.7931962,-0.008858885,2.836766;0.2702244,-0.02230778,2.891444;0.8041052,-0.08178145,2.768611;0.2696228,-0.09964141,2.827405;0.6598025,-0.4416328,2.785846;0.3822588,-0.4270497,2.770613;0.7034476,-0.7797723,2.72206;0.3430685,-0.7862839,2.699588;0.7137346,-0.8637052,2.632306;0.318358,-0.8593512,2.624552;
0.503249,0.7855765,3.180122;0.5177934,0.1830111,2.988265;0.5128354,0.128927,2.907735;0.5851585,0.07022054,2.864536;0.4400668,0.05623421,2.886151;0.5130085,0.5963848,3.123225;0.6640247,0.4720708,3.052528;0.3423722,0.4510046,3.075956;0.7749496,0.1905056,2.962723;0.2901708,0.183108,3.008598;0.7933444,-0.008977301,2.836941;0.2719717,-0.02159289,2.893293;0.8041674,-0.0821038,2.768992;0.270704,-0.1000594,2.830658;0.6598375,-0.4415827,2.785563;0.3821082,-0.4254692,2.766842;0.7032972,-0.7800674,2.72147;0.3415732,-0.7882496,2.695439;0.7136661,-0.8633814,2.632785;0.3181962,-0.8595592,2.623693;
0.5034146,0.7858428,3.180372;0.5183062,0.1826397,2.988966;0.5132074,0.1286064,2.908521;0.5853651,0.07002661,2.864864;0.4409246,0.05578297,2.88794;0.5130991,0.5951868,3.123439;0.6639578,0.4697047,3.050824;0.3430427,0.4508584,3.076525;0.7760291,0.1908368,2.963572;0.2915488,0.1810862,3.008334;0.7935954,-0.009693397,2.836973;0.2733337,-0.02362289,2.893035;0.804239,-0.082726,2.768895;0.2728809,-0.1038727,2.832691;0.6605117,-0.4410193,2.785086;0.3828661,-0.4232977,2.763543;0.7034218,-0.7800328,2.721415;0.3415537,-0.7881789,2.694793;0.7137328,-0.8632555,2.632348;0.3177154,-0.8597332,2.622249;
0.5038516,0.784756,3.18058;0.5189489,0.1822545,2.989631;0.5137292,0.1277633,2.909615;0.5858175,0.06823595,2.867007;0.4418196,0.05500993,2.889197;0.5133476,0.594433,3.121863;0.6639917,0.4675375,3.049668;0.3429959,0.4500345,3.077773;0.7780952,0.1920714,2.965853;0.2929963,0.1815511,3.009107;0.7927443,-0.009711361,2.836536;0.2743154,-0.02303065,2.893623;0.8041305,-0.08231114,2.768117;0.2731456,-0.1034396,2.833502;0.6612928,-0.4409941,2.78439;0.3821666,-0.4224779,2.758491;0.7035745,-0.780035,2.721416;0.3416836,-0.7882153,2.694336;0.7137209,-0.8632339,2.632357;0.3173287,-0.8601327,2.621902;
0.5039562,0.783953,3.17943;0.5201035,0.182522,2.992019;0.5143227,0.1277345,2.912537;0.5860257,0.06780069,2.868189;0.4428559,0.05409852,2.894451;0.513635,0.5944909,3.121984;0.6643915,0.4660888,3.04899;0.3418639,0.4492448,3.081256;0.7783667,0.1917195,2.966034;0.2946336,0.1818724,3.010234;0.792691,-0.009641645,2.836352;0.2754311,-0.02214251,2.893696;0.8039198,-0.08156945,2.767202;0.2740521,-0.1021051,2.832987;0.663703,-0.4398195,2.778821;0.3808426,-0.4220067,2.753916;0.7037723,-0.7800496,2.719123;0.3418724,-0.7894102,2.692007;0.7134925,-0.8634154,2.630881;0.3171906,-0.8606157,2.62082;
0.5041128,0.78356,3.179172;0.5208958,0.1815642,2.993138;0.5148356,0.1263789,2.913876;0.5871388,0.06502113,2.870695;0.4428127,0.05292132,2.895188;0.5148647,0.5940031,3.121608;0.6670443,0.4618067,3.046858;0.3419787,0.4477683,3.081819;0.778536,0.1912739,2.965882;0.2969184,0.1812255,3.009746;0.7921891,-0.006239375,2.833386;0.277091,-0.02267513,2.89309;0.8068433,-0.0763872,2.763058;0.2771307,-0.09788389,2.826568;0.6672404,-0.437654,2.772052;0.3796222,-0.4212977,2.749557;0.7038137,-0.7807962,2.715757;0.3399065,-0.7906537,2.686467;0.7138242,-0.8639454,2.629382;0.3164294,-0.8609097,2.618835;
0.5058498,0.7713051,3.172936;0.5223957,0.1785232,2.994372;0.515865,0.1237864,2.91534;0.5885563,0.06232638,2.872298;0.44331,0.050455,2.896457;0.5170276,0.586868,3.119769;0.6682532,0.4577733,3.046507;0.3435262,0.4431176,3.083264;0.7787147,0.1901704,2.965314;0.3006338,0.174357,3.004255;0.7880874,-0.004887033,2.819001;0.2816783,-0.02163133,2.872985;0.8054681,-0.07233799,2.746684;0.2779652,-0.09270326,2.802158;0.6692589,-0.4323885,2.761216;0.375032,-0.4173003,2.742197;0.7037071,-0.7812525,2.713525;0.3393002,-0.7905953,2.685022;0.7137215,-0.8640916,2.629066;0.3164195,-0.8607951,2.618731;
0.5066288,0.7676988,3.168294;0.5231638,0.177833,2.996728;0.5180229,0.1234512,2.919173;0.5943589,0.05971045,2.87877;0.4438732,0.04888856,2.898676;0.5176668,0.5748089,3.112194;0.6783345,0.4549913,3.05234;0.3423956,0.4376156,3.0841;0.7796539,0.1885632,2.962196;0.3047175,0.1720551,3.001236;0.788029,-0.0007505743,2.806351;0.2822877,-0.0195099,2.86342;0.8084935,-0.08562592,2.707631;0.2771382,-0.0891833,2.791306;0.6727337,-0.4208581,2.749393;0.3737148,-0.4152109,2.737932;0.7033851,-0.7808968,2.707656;0.3382913,-0.7909508,2.683012;0.7137265,-0.863034,2.626677;0.3167427,-0.8613259,2.617098;
0.505106,0.7615653,3.160818;0.5249649,0.1743632,2.99949;0.5198787,0.1206414,2.922934;0.5985544,0.05559393,2.882409;0.4436676,0.04393474,2.904192;0.5189497,0.5624117,3.105317;0.6831292,0.4455881,3.050238;0.3434701,0.4319693,3.083791;0.7793227,0.1878904,2.956992;0.308574,0.164278,2.995148;0.7937009,0.004016037,2.774116;0.2815869,-0.007936716,2.832253;0.804137,-0.07614792,2.659933;0.2786055,-0.07438119,2.757036;0.6751522,-0.4159615,2.740371;0.3708778,-0.4120458,2.732829;0.7067897,-0.7836289,2.69682;0.3374809,-0.7914996,2.68054;0.7138222,-0.862684,2.626082;0.3164561,-0.8614733,2.616145;
0.5040927,0.7378566,3.145148;0.5329872,0.1463342,3.002565;0.5274993,0.09386061,2.9274;0.6061181,0.03344403,2.887796;0.450541,0.0169273,2.908355;0.521784,0.5368382,3.10089;0.6828208,0.429684,3.043892;0.3493753,0.414328,3.08024;0.7803488,0.1867025,2.94917;0.3125235,0.1516873,2.975452;0.8031602,0.03593796,2.763916;0.2772405,-0.002675727,2.795621;0.8083279,-0.07120934,2.647152;0.2738909,-0.08768927,2.695512;0.6823031,-0.4126242,2.725264;0.3600267,-0.4144445,2.718092;0.7073537,-0.784735,2.692587;0.3371187,-0.7921479,2.679417;0.7137338,-0.8629552,2.624215;0.3164531,-0.861472,2.616148;
0.503592,0.7324169,3.142616;0.5333056,0.1335296,3.004689;0.5284739,0.07786825,2.930841;0.6071894,0.01239565,2.891852;0.452893,-0.002486547,2.914345;0.5200167,0.5267652,3.096241;0.6863547,0.4092761,3.038741;0.3501958,0.3911324,3.074135;0.7817426,0.1865264,2.936885;0.3144684,0.1454959,2.972703;0.8028988,0.01783961,2.700285;0.2740503,0.01133971,2.777168;0.8010599,-0.05730003,2.586715;0.2748731,-0.04789723,2.672473;0.6892897,-0.4072576,2.716721;0.3558748,-0.4165534,2.713676;0.708253,-0.7868723,2.685806;0.3349449,-0.7910511,2.676137;0.7151154,-0.8632919,2.620842;0.3164067,-0.8615502,2.615971;
0.5045439,0.6982574,3.115401;0.5341952,0.1159457,3.005499;0.5298007,0.06006711,2.932791;0.6109634,-0.007713112,2.894634;0.4525378,-0.02003754,2.916774;0.5190414,0.5059529,3.087052;0.692812,0.3890792,3.032224;0.3512195,0.3751653,3.06923;0.7852562,0.1928869,2.91455;0.3171701,0.1357984,2.96442;0.7961934,0.05796075,2.715449;0.2706294,0.0209506,2.757447;0.7983855,-0.02927977,2.559651;0.2731358,-0.05541003,2.593909;0.6966831,-0.4093704,2.70871;0.34622,-0.4191586,2.704232;0.7081385,-0.7877712,2.679537;0.3334064,-0.7892432,2.673027;0.7152335,-0.8638076,2.620043;0.3160996,-0.8620103,2.615247;
0.5040462,0.6897985,3.112495;0.5362272,0.0962375,3.008366;0.533663,0.03836032,2.936532;0.6193401,-0.02901693,2.89977;0.4540184,-0.0443878,2.920721;0.5169647,0.4909904,3.084517;0.6969909,0.3703915,3.025088;0.3520269,0.3491324,3.055314;0.7887489,0.1849364,2.898727;0.3185076,0.1334917,2.957751;0.7986053,0.05759726,2.694267;0.2618266,0.04965798,2.737932;0.7901653,-0.0002549188,2.523263;0.2730754,-0.03169111,2.565959;0.7012685,-0.408214,2.703218;0.3445586,-0.4179073,2.702873;0.7087053,-0.7875796,2.678952;0.3311286,-0.787727,2.669809;0.7160713,-0.8640932,2.619742;0.3152348,-0.8623575,2.61404;
0.5053402,0.6717268,3.103629;0.5345135,0.07542094,3.011411;0.5323223,0.01917473,2.940893;0.6194796,-0.05052097,2.906673;0.4514473,-0.06273014,2.924841;0.513518,0.4548562,3.075331;0.6964932,0.3448558,3.013028;0.3477147,0.3279917,3.043907;0.7912708,0.1663071,2.877204;0.3044598,0.1330627,2.90355;0.7953787,0.05720158,2.661537;0.2559845,0.05443864,2.679629;0.7815926,0.02758268,2.475899;0.2756568,-0.0008769854,2.511948;0.7050886,-0.4078335,2.699073;0.3311764,-0.414444,2.694587;0.7089152,-0.7874565,2.676312;0.3297486,-0.7875458,2.668123;0.7163036,-0.8644566,2.61857;0.3141416,-0.8624519,2.61265;
0.5046427,0.6293231,3.086241;0.5351065,0.05525519,3.014723;0.5329321,-0.003804912,2.946988;0.6203955,-0.07310749,2.913793;0.452207,-0.08522281,2.936064;0.5130553,0.4362878,3.064224;0.692261,0.3258564,3.002403;0.3482071,0.3102636,3.03477;0.7721086,0.1512512,2.849367;0.2829395,0.1438995,2.863328;0.8100272,0.08845138,2.618071;0.2548609,0.03920636,2.64725;0.7706261,0.06050752,2.44479;0.2682734,0.02569233,2.492523;0.7082556,-0.4084136,2.691372;0.327096,-0.4131661,2.690379;0.7087494,-0.7887452,2.672194;0.3281808,-0.7866527,2.666611;0.7170827,-0.8657458,2.614864;0.3137628,-0.8629112,2.612686;
0.5056931,0.607359,3.071967;0.532244,0.02588223,3.013483;0.5297647,-0.03614544,2.947579;0.6156396,-0.1036828,2.915589;0.4498022,-0.1118402,2.940764;0.5127662,0.4153324,3.052611;0.682732,0.2912635,2.987029;0.3511719,0.2829061,3.018655;0.783356,0.1365867,2.82321;0.2708176,0.1314743,2.838594;0.7872251,0.09873035,2.583044;0.2637674,0.04803249,2.611112;0.7657224,0.08352569,2.437432;0.2722166,0.06081264,2.442618;0.715932,-0.4213466,2.675987;0.322843,-0.4140894,2.685846;0.7086995,-0.7900875,2.670617;0.3262261,-0.7848284,2.664965;0.7190403,-0.865133,2.612229;0.3136132,-0.8629201,2.612068;
0.5030149,0.5821791,3.053551;0.5293054,9.659212E-05,3.010827;0.5268422,-0.05844658,2.946594;0.6118761,-0.1271837,2.915363;0.4463813,-0.1367197,2.941951;0.5124993,0.364255,3.034228;0.6815536,0.2767533,2.978894;0.3515898,0.2637429,3.00801;0.7857658,0.1341473,2.804952;0.2661502,0.1246318,2.819211;0.7709157,0.09668764,2.565197;0.296711,0.06175534,2.586821;0.7566139,0.1191597,2.393056;0.2723052,0.07755049,2.43256;0.7209033,-0.4325497,2.663182;0.3152642,-0.4213656,2.675634;0.7092966,-0.7903088,2.669429;0.3226426,-0.7827795,2.662368;0.7190281,-0.8651254,2.612057;0.312094,-0.8638729,2.610262;
0.5017418,0.5393212,3.022599;0.5305821,-0.0196747,3.008892;0.5255091,-0.07863474,2.945528;0.6097972,-0.1508273,2.912516;0.4435467,-0.1546634,2.943507;0.5180618,0.347082,3.030969;0.6845226,0.2407863,2.964291;0.35322,0.2492231,3.006791;0.789585,0.1182554,2.773666;0.265912,0.120158,2.810794;0.7692379,0.1160694,2.531276;0.3154805,0.0561168,2.582297;0.7546475,0.1382349,2.387266;0.2742929,0.1153334,2.411987;0.7269734,-0.4447117,2.649994;0.3102303,-0.4285504,2.66666;0.7104094,-0.7915002,2.667696;0.3218251,-0.7815611,2.662185;0.7192075,-0.8665541,2.610964;0.3116499,-0.8635145,2.609917;
0.5021898,0.5226843,3.014009;0.5309697,-0.04389789,3.006677;0.5250685,-0.1030696,2.94415;0.608892,-0.1713961,2.911698;0.4433364,-0.1768621,2.943943;0.51902,0.3212962,3.0251;0.6847907,0.2318618,2.960635;0.3606027,0.2262411,3.002646;0.7898825,0.1156284,2.765465;0.2766114,0.10063,2.802392;0.7664834,0.1137275,2.523372;0.2381931,0.07408618,2.563906;0.7444775,0.1811327,2.360873;0.2757783,0.1276009,2.402919;0.7327874,-0.4524357,2.637841;0.305118,-0.4380459,2.656904;0.7112839,-0.7925881,2.66635;0.3218364,-0.7817104,2.661056;0.7198464,-0.8673221,2.609168;0.3110026,-0.8636636,2.607948;
0.5019655,0.4997711,3.001118;0.5332972,-0.06853735,2.999501;0.5266197,-0.1293954,2.938016;0.6069176,-0.1974284,2.90749;0.4476716,-0.2012101,2.9394;0.5220891,0.2990784,3.012311;0.6812646,0.1947308,2.943053;0.3657461,0.203631,2.99002;0.7824274,0.1055914,2.729777;0.3227379,0.1798019,2.696947;0.7600164,0.1413071,2.48388;0.2771996,0.1388064,2.462021;0.7404752,0.1918066,2.341819;0.2747473,0.1532122,2.387155;0.7408407,-0.4621435,2.621746;0.2977814,-0.4472477,2.644578;0.7115969,-0.7942414,2.664273;0.3209263,-0.7821625,2.658594;0.7200673,-0.8695468,2.607838;0.310966,-0.8636545,2.607928;
0.5046587,0.4802254,2.990602;0.529572,-0.1005483,2.991447;0.5252778,-0.1645209,2.930922;0.6044792,-0.2247976,2.902422;0.4496066,-0.2318505,2.935913;0.5149104,0.2745256,2.997629;0.6803684,0.1761603,2.936885;0.3869192,0.1394423,2.96431;0.7587236,0.1062108,2.705216;0.3337205,0.1525059,2.672364;0.7590098,0.1460412,2.465446;0.2646216,0.1256277,2.441446;0.7361698,0.2051727,2.335206;0.2773453,0.1663496,2.378623;0.74958,-0.4716099,2.605797;0.2895133,-0.4573188,2.629696;0.7111647,-0.7961893,2.662814;0.3208744,-0.7825437,2.657938;0.7193176,-0.8720661,2.60711;0.3104248,-0.863397,2.60769;
0.5022643,0.4402538,2.971138;0.5258619,-0.1113244,2.987018;0.5212312,-0.1744102,2.928213;0.5987576,-0.2386635,2.899399;0.4469829,-0.2403655,2.934989;0.5046324,0.2455297,2.978007;0.6742624,0.1531234,2.926622;0.386796,0.1395751,2.964253;0.7600741,0.1024671,2.692279;0.336287,0.1591069,2.672201;0.742823,0.1802959,2.417011;0.2871005,0.1792166,2.402449;0.7245477,0.2292137,2.323195;0.2814473,0.1803133,2.371484;0.753809,-0.4744124,2.598667;0.2868137,-0.4598581,2.624321;0.711264,-0.7969893,2.662539;0.3206627,-0.7824933,2.656066;0.7191157,-0.8724602,2.606251;0.3104779,-0.8631431,2.6071;
0.5005403,0.4246439,2.964848;0.5251364,-0.1227106,2.983842;0.5184217,-0.1847891,2.926171;0.5950749,-0.250584,2.895637;0.4445769,-0.2511052,2.935758;0.5053108,0.232071,2.973464;0.6709785,0.1333343,2.914698;0.3865548,0.1393212,2.964308;0.7612339,0.09447189,2.679713;0.3369968,0.1612354,2.672284;0.7514923,0.1519701,2.444045;0.2829352,0.1563097,2.435592;0.7216744,0.2366882,2.319233;0.2824579,0.1853522,2.367707;0.7569429,-0.4793691,2.593066;0.2852094,-0.462489,2.618856;0.7116756,-0.7963843,2.661616;0.3195316,-0.7826857,2.651891;0.7185624,-0.8730524,2.606848;0.309637,-0.8643612,2.605457;
0.4999904,0.3925714,2.942059;0.5233181,-0.1415354,2.978607;0.5149711,-0.2048968,2.923209;0.5923741,-0.2717629,2.894292;0.4409538,-0.2699781,2.935085;0.5027233,0.2103481,2.959473;0.6696221,0.1152786,2.901933;0.3844126,0.1305979,2.960819;0.7621415,0.06551948,2.652725;0.2841262,0.06635631,2.646761;0.7393061,0.1814821,2.408565;0.2736716,0.1454345,2.4179;0.7183455,0.2443004,2.315029;0.2818829,0.1885491,2.362358;0.7614673,-0.4831817,2.582776;0.2813309,-0.4673581,2.609025;0.7118426,-0.7965834,2.660656;0.3192711,-0.781918,2.651165;0.7180871,-0.8741269,2.607065;0.3094824,-0.8638414,2.605157;
0.4995392,0.3830503,2.933619;0.524015,-0.162277,2.972834;0.5130793,-0.2231241,2.919311;0.5876587,-0.2884915,2.891852;0.4400212,-0.2846735,2.931488;0.5109645,0.1740447,2.95098;0.6621836,0.09318013,2.888392;0.3840429,0.1215727,2.955789;0.7604658,0.06475029,2.653362;0.2629694,0.03089325,2.657398;0.7384492,0.1815018,2.406432;0.2740999,0.1410856,2.422413;0.7155004,0.2491649,2.310124;0.2819235,0.1942081,2.356498;0.7640839,-0.487246,2.575924;0.2775065,-0.473198,2.601497;0.7118703,-0.7967609,2.660095;0.3191786,-0.7819263,2.649903;0.718394,-0.8734437,2.605321;0.3090327,-0.8643039,2.604803;
0.4979956,0.3536367,2.917127;0.5248926,-0.1811697,2.968758;0.515518,-0.2430923,2.915991;0.5904081,-0.3044972,2.888428;0.4427504,-0.3120432,2.929159;0.5102708,0.1616923,2.947111;0.6616992,0.08300824,2.883492;0.3828768,0.09619066,2.942784;0.7578258,0.05606913,2.631709;0.2582034,0.0216267,2.641133;0.7298274,0.1848423,2.390661;0.2723554,0.1582365,2.394761;0.7091435,0.2551116,2.306615;0.281382,0.1961664,2.354612;0.7674078,-0.4928043,2.56623;0.2708092,-0.4761,2.590641;0.7116556,-0.7974448,2.659278;0.3195466,-0.787008,2.648008;0.7189091,-0.8739008,2.604288;0.3079004,-0.8687679,2.602163;
0.4980728,0.3400121,2.907478;0.5230423,-0.2007684,2.964299;0.5163799,-0.2639031,2.913295;0.5928007,-0.323819,2.887467;0.4421771,-0.330072,2.927006;0.5096557,0.1421543,2.93799;0.657935,0.06181826,2.873989;0.3798834,0.04666276,2.916491;0.7550194,0.04612289,2.626776;0.252711,0.01591974,2.630611;0.7263695,0.1854609,2.385554;0.2722612,0.1568042,2.392052;0.7056074,0.2562236,2.30526;0.2813289,0.1974248,2.349595;0.7704126,-0.4990546,2.558019;0.2656867,-0.4777392,2.583127;0.7119222,-0.7982528,2.659266;0.3186103,-0.78649,2.64717;0.7192354,-0.8741157,2.603476;0.3078387,-0.8686575,2.601853;
0.4971545,0.330219,2.900809;0.5239012,-0.2135135,2.958889;0.516679,-0.2765078,2.910843;0.5926172,-0.3375021,2.886937;0.4428176,-0.3435892,2.923942;0.5105576,0.1224032,2.928028;0.6581438,0.04652962,2.866793;0.3796759,0.04523986,2.914955;0.7559242,0.03985157,2.623522;0.2479011,0.006524998,2.613034;0.7237436,0.1828713,2.379603;0.2730991,0.153341,2.386169;0.7034354,0.2553505,2.304339;0.2814536,0.1962034,2.342748;0.7711037,-0.5035411,2.553068;0.2604298,-0.4789052,2.57801;0.7111721,-0.8016789,2.659227;0.3191311,-0.787137,2.646919;0.7196729,-0.8760167,2.601593;0.3078159,-0.869174,2.60151;
0.4983112,0.3079275,2.890058;0.5235416,-0.2269219,2.953228;0.5154572,-0.2907441,2.908212;0.590906,-0.353882,2.884962;0.4413138,-0.3559024,2.922377;0.511556,0.1099848,2.921256;0.657558,0.03299934,2.860051;0.3795348,0.04287398,2.914003;0.7559561,0.0244359,2.622213;0.2519884,0.00526185,2.606168;0.71803,0.181849,2.368661;0.2736224,0.1501163,2.380936;0.6969957,0.2531787,2.300193;0.281474,0.1946734,2.336098;0.7743,-0.5053403,2.54669;0.2539177,-0.4815936,2.575484;0.7118503,-0.801796,2.657158;0.3188581,-0.7873985,2.646862;0.7197646,-0.876941,2.600504;0.3074706,-0.8697864,2.602123;
0.4980417,0.2968265,2.887079;0.5241491,-0.2401827,2.946613;0.5157607,-0.3042107,2.904637;0.5911809,-0.3675697,2.881433;0.4408109,-0.3701999,2.919893;0.5146864,0.09460711,2.913369;0.657037,0.01827064,2.852999;0.3781281,0.03373943,2.909349;0.7547958,0.01231645,2.616926;0.2529008,-0.0006668307,2.600056;0.7143627,0.1788939,2.361337;0.2733657,0.1460754,2.36997;0.6937201,0.2481349,2.297384;0.2810063,0.1929667,2.332246;0.777387,-0.5076789,2.53971;0.2495057,-0.482618,2.570518;0.7121556,-0.802381,2.656297;0.3189379,-0.787667,2.646664;0.7198361,-0.8778471,2.600048;0.3071259,-0.8696339,2.601277;
0.5009657,0.2870548,2.883231;0.5242633,-0.2498644,2.940273;0.5164706,-0.3137904,2.901758;0.5917346,-0.3761251,2.879076;0.4414625,-0.3793511,2.918141;0.5160338,0.07972583,2.904508;0.6569586,0.01433656,2.850067;0.3791157,0.02040107,2.904222;0.7527159,0.002213542,2.610915;0.2557688,-0.003426323,2.593022;0.7112643,0.1757129,2.355544;0.2730524,0.1399702,2.367231;0.6905479,0.2427504,2.296142;0.2801965,0.1859779,2.325556;0.7789904,-0.5108764,2.535742;0.2471559,-0.4831214,2.567738;0.7115648,-0.8038023,2.656282;0.3180661,-0.7873124,2.645194;0.720056,-0.8783674,2.598968;0.3072232,-0.8700047,2.600906;
0.5024034,0.260507,2.869;0.521292,-0.268805,2.929988;0.5132951,-0.3333743,2.895023;0.5879868,-0.3939126,2.874138;0.4395029,-0.3950944,2.912143;0.5119388,0.06212518,2.894683;0.6512424,-0.01781641,2.840521;0.3814714,0.009466048,2.900176;0.749827,-0.009571767,2.604493;0.2504679,-0.01904262,2.592895;0.7069557,0.1704934,2.344803;0.2674862,0.1148583,2.377872;0.686664,0.2354391,2.291397;0.2797999,0.1831283,2.322403;0.7833843,-0.5089241,2.528093;0.2413979,-0.4841659,2.559782;0.7108305,-0.805404,2.655706;0.3181518,-0.7880858,2.64493;0.720085,-0.8795702,2.598003;0.3070954,-0.8706965,2.600556;
0.5026234,0.2555268,2.868321;0.5188786,-0.2777183,2.923453;0.5116931,-0.3415296,2.890839;0.5863117,-0.4027891,2.870338;0.4374275,-0.4031511,2.906727;0.5108675,0.04831085,2.890586;0.6512027,-0.02322834,2.840219;0.3833489,0.001272045,2.89648;0.7481386,-0.01652773,2.602661;0.2499638,-0.02521705,2.590148;0.726085,0.09713931,2.390969;0.2678477,0.1129252,2.377743;0.6826738,0.228591,2.286516;0.279673,0.1805724,2.319451;0.7856378,-0.508708,2.523638;0.2375669,-0.4869669,2.55409;0.7108495,-0.8061364,2.65465;0.3177778,-0.7877009,2.644088;0.7202621,-0.8806562,2.59744;0.3076172,-0.8708435,2.600513;
0.5029167,0.2360179,2.864202;0.5189062,-0.2853032,2.919281;0.5121469,-0.348819,2.889281;0.5875989,-0.4105211,2.870431;0.4368843,-0.4121238,2.903566;0.5117745,0.03826359,2.887236;0.653882,-0.03249434,2.836407;0.3839022,-0.007659187,2.892791;0.7463474,-0.02852773,2.598882;0.2473752,-0.03260438,2.587861;0.7263968,0.09554957,2.39335;0.2700475,0.1259062,2.350701;0.6818128,0.2243196,2.286414;0.2791771,0.1775932,2.318222;0.7842197,-0.5103269,2.520281;0.2350128,-0.4871573,2.550097;0.7106669,-0.8067648,2.652878;0.3171867,-0.7882304,2.642727;0.7206114,-0.8819424,2.596636;0.3073484,-0.8718253,2.599963;
0.4973219,0.2183366,2.853762;0.5177385,-0.294074,2.912449;0.5132349,-0.3576272,2.884934;0.5908809,-0.4184515,2.86912;0.4356344,-0.4256198,2.895367;0.5117546,0.02816694,2.88031;0.6594144,-0.0435062,2.83355;0.3827315,-0.05369585,2.875405;0.7457689,-0.03394374,2.593615;0.2436229,-0.07813744,2.622865;0.7000288,0.151473,2.337152;0.2691629,0.11259,2.366123;0.6805618,0.2166731,2.286864;0.2793131,0.1762389,2.317165;0.784956,-0.5101342,2.515232;0.2286849,-0.4872946,2.542307;0.710181,-0.8053172,2.65174;0.3171352,-0.788204,2.642656;0.7207543,-0.8814749,2.596962;0.3072122,-0.8716645,2.599663;
0.4973687,0.2158633,2.853456;0.5176691,-0.30334,2.906232;0.5132725,-0.3674517,2.881439;0.5916156,-0.4267715,2.865322;0.4353312,-0.4323627,2.894374;0.5113704,0.0203033,2.874908;0.6549713,-0.05573292,2.829756;0.3825622,-0.05526501,2.874344;0.747147,-0.038396,2.591396;0.2434484,-0.07819889,2.620109;0.7223006,0.09089966,2.389953;0.2646321,0.07756166,2.398066;0.6801897,0.2159902,2.287148;0.2794712,0.1752707,2.316383;0.7878976,-0.5110489,2.510822;0.2266807,-0.4873258,2.541239;0.7102306,-0.8051083,2.651027;0.3166873,-0.787663,2.640713;0.7207634,-0.8816109,2.596734;0.307239,-0.8719591,2.599285;
0.4960438,0.2100338,2.852563;0.5173637,-0.3052426,2.901994;0.5128544,-0.3690475,2.879939;0.5913715,-0.4290681,2.864522;0.4350098,-0.434121,2.892193;0.5091813,0.01457302,2.871238;0.6555359,-0.05689385,2.829725;0.3827065,-0.03746392,2.88205;0.7494934,-0.04143871,2.589566;0.2450861,-0.07964981,2.617344;0.7221889,0.09118171,2.390818;0.2670788,0.08802123,2.382554;0.6794699,0.2143489,2.289396;0.2796052,0.1750066,2.316116;0.7893436,-0.5121345,2.510739;0.2245865,-0.4888043,2.540147;0.7108794,-0.8043244,2.649673;0.3165404,-0.7875823,2.640537;0.7207562,-0.8811798,2.595765;0.3071446,-0.8719115,2.599177;
0.4955845,0.2044389,2.85222;0.5167089,-0.3081243,2.898567;0.5124175,-0.3716856,2.878386;0.5907098,-0.4317521,2.863706;0.4350023,-0.4361971,2.889897;0.5085398,0.01112591,2.870753;0.6547085,-0.05941655,2.82937;0.3830013,-0.03579103,2.884098;0.7495846,-0.04257844,2.589743;0.2468857,-0.08196519,2.617341;0.7222494,0.09112742,2.391789;0.26651,0.07323919,2.398707;0.6783955,0.2164647,2.293293;0.2797032,0.1725151,2.317416;0.790464,-0.5117316,2.51026;0.223271,-0.4897633,2.538524;0.710766,-0.8044143,2.649304;0.3160847,-0.7879907,2.640124;0.7208267,-0.8814285,2.595668;0.3072211,-0.8725121,2.599053;
0.4946999,0.2007568,2.851617;0.5171987,-0.311087,2.895677;0.5130758,-0.374695,2.876895;0.5915709,-0.4346881,2.863618;0.4353528,-0.4383405,2.886629;0.509555,0.008878105,2.870648;0.6547402,-0.06185293,2.83005;0.3847196,-0.03462509,2.885904;0.7512161,-0.04388822,2.592115;0.2481777,-0.08211492,2.615024;0.7250186,0.09434151,2.39738;0.2670003,0.07243299,2.400597;0.6772237,0.2193355,2.296412;0.2800364,0.1728562,2.317412;0.7905899,-0.511917,2.509135;0.2222341,-0.4920875,2.536193;0.7108342,-0.8040279,2.648301;0.3155638,-0.7876573,2.639383;0.7210011,-0.8814334,2.595261;0.3074753,-0.8724978,2.598826;
0.4953367,0.1999731,2.852678;0.5168683,-0.3112196,2.893886;0.5130985,-0.3747363,2.876612;0.5915384,-0.4348481,2.863356;0.4353423,-0.4383479,2.886376;0.5105671,0.007226158,2.870036;0.6568681,-0.06159071,2.831889;0.3859243,-0.03403343,2.886451;0.7571982,-0.04679845,2.598547;0.2496754,-0.08116008,2.614091;0.7280129,0.09396366,2.406252;0.2680069,0.07682943,2.400019;0.6755324,0.2244328,2.304874;0.2807593,0.1754457,2.316926;0.7912291,-0.5125684,2.509413;0.2236841,-0.4930691,2.535208;0.7110478,-0.8039668,2.648034;0.3151962,-0.7880977,2.638753;0.7218303,-0.8812725,2.59498;0.3071763,-0.8731313,2.598602;
0.4954051,0.199779,2.853257;0.5166855,-0.3111472,2.892643;0.513069,-0.3745103,2.876588;0.5915325,-0.4347974,2.863528;0.4349677,-0.4378001,2.885761;0.5115868,0.006945474,2.870949;0.6601892,-0.06255439,2.8343;0.3883626,-0.03165723,2.88969;0.7615775,-0.03530262,2.598968;0.2516897,-0.07638843,2.613352;0.7050665,0.1747311,2.370191;0.2801669,0.1260527,2.369967;0.6752542,0.2332019,2.312308;0.281056,0.1773593,2.317512;0.7912728,-0.5133632,2.509841;0.225839,-0.4946616,2.533403;0.7110378,-0.8045387,2.64792;0.3153335,-0.7887323,2.638009;0.7222024,-0.881791,2.594878;0.3068445,-0.8730965,2.596577;
0.4971575,0.2054792,2.861452;0.5165941,-0.3095284,2.892118;0.5132021,-0.372763,2.877272;0.5919005,-0.4341407,2.864378;0.4347501,-0.4355211,2.88634;0.5117316,0.008193424,2.871369;0.6614121,-0.06193334,2.836037;0.3887729,-0.02719489,2.891349;0.7639053,-0.02910457,2.602223;0.2572939,-0.06290895,2.610569;0.7055469,0.1761396,2.371579;0.2775675,0.1222611,2.380301;0.6748138,0.24349,2.320708;0.2814088,0.1872907,2.320264;0.7913478,-0.5141935,2.510899;0.2284973,-0.4950322,2.532705;0.7115403,-0.803639,2.647175;0.3165594,-0.789431,2.638477;0.7212844,-0.8818543,2.595288;0.3066418,-0.8732073,2.596192;
0.4982289,0.2121096,2.871357;0.5201467,-0.3033699,2.895966;0.5172605,-0.3665846,2.880513;0.5969576,-0.4277626,2.868164;0.4377485,-0.4316656,2.887786;0.5157075,0.01736025,2.881481;0.6651589,-0.05192292,2.840794;0.3885118,-0.02634791,2.890084;0.7676229,-0.02308269,2.610032;0.259151,-0.04919273,2.620431;0.7424679,0.1291329,2.426799;0.2767902,0.1528426,2.37235;0.6754798,0.2484598,2.324448;0.2828986,0.1972194,2.322383;0.7897174,-0.5145456,2.512512;0.2315841,-0.495243,2.534868;0.7116781,-0.8037745,2.647151;0.3255489,-0.8044933,2.643297;0.7211142,-0.8820076,2.595247;0.3033522,-0.8792426,2.590163;
0.4996278,0.2195511,2.877808;0.5228336,-0.2971026,2.900078;0.5207006,-0.3609511,2.883955;0.6012732,-0.4225087,2.871579;0.4408972,-0.4268481,2.890527;0.5175689,0.02817411,2.888186;0.6710277,-0.04370813,2.848614;0.3891811,-0.02635935,2.889055;0.7710284,-0.01633661,2.616428;0.2636226,-0.03673816,2.623651;0.7434294,0.1316706,2.429874;0.277399,0.1586976,2.372727;0.6771203,0.257113,2.327771;0.2826771,0.2040126,2.324106;0.788255,-0.5156936,2.514434;0.2364142,-0.4964973,2.537815;0.7117711,-0.8038449,2.647215;0.3257303,-0.8053961,2.641901;0.7211061,-0.8820173,2.595215;0.3025606,-0.8800232,2.589024;
0.50276,0.238447,2.887416;0.5226219,-0.2781663,2.91202;0.5200717,-0.3413596,2.899537;0.6019404,-0.4077058,2.886451;0.4364046,-0.3992111,2.912547;0.5215575,0.04121976,2.891231;0.6740149,-0.02823084,2.854589;0.3905858,-0.02395168,2.888567;0.773902,-0.00772338,2.621554;0.2682351,-0.03053423,2.640917;0.7169975,0.1917511,2.39754;0.2764173,0.1573081,2.391218;0.6781492,0.2642148,2.330004;0.284357,0.2343785,2.324282;0.7802836,-0.5146092,2.528736;0.2549564,-0.49823,2.554095;0.7120726,-0.8042374,2.647959;0.3250446,-0.8035613,2.640802;0.7210179,-0.8818607,2.595088;0.3031787,-0.8798403,2.589772;
0.5063106,0.2528595,2.896211;0.5229782,-0.2701928,2.914524;0.5211267,-0.3350226,2.901171;0.6042307,-0.3975796,2.888578;0.436893,-0.3975227,2.912415;0.5225227,0.06084282,2.900571;0.6748379,-0.003747566,2.865872;0.3911586,-0.01945714,2.888797;0.7736229,0.002721998,2.631393;0.2844722,-0.006317157,2.642061;0.7170012,0.1917556,2.397577;0.2759961,0.1593995,2.392367;0.679311,0.2656018,2.330072;0.2838771,0.2351984,2.323964;0.7777471,-0.515164,2.531912;0.2589454,-0.4993685,2.552989;0.711288,-0.8066586,2.6494;0.3265886,-0.8037893,2.641649;0.7214919,-0.8823036,2.593966;0.3030206,-0.8791268,2.589996;
0.5144556,0.2857338,2.922377;0.5247432,-0.2582824,2.921453;0.5229001,-0.3247828,2.904723;0.6061684,-0.3840737,2.891071;0.4387271,-0.3913835,2.913277;0.5241639,0.08431777,2.918967;0.6732081,0.001583948,2.869428;0.3913498,-0.01763242,2.890255;0.7739007,0.008796664,2.635909;0.2866857,0.01601882,2.633749;0.7172257,0.19106,2.39826;0.2765133,0.161521,2.393982;0.6800056,0.266894,2.329098;0.2838294,0.2359285,2.324026;0.7720363,-0.5151477,2.535541;0.2670101,-0.496651,2.551754;0.7112853,-0.8066392,2.649107;0.3273545,-0.8041482,2.641372;0.7214707,-0.8820375,2.593347;0.3029144,-0.8790668,2.589529;
0.5198742,0.305903,2.937773;0.5281455,-0.2403114,2.932508;0.5260821,-0.307991,2.911397;0.6072221,-0.3654945,2.893909;0.4471721,-0.3707451,2.92052;0.520134,0.1100782,2.937467;0.6691798,0.02474276,2.88472;0.4009639,0.01307086,2.919106;0.77379,0.01971576,2.648706;0.2743838,0.01842377,2.649887;0.7175388,0.1856129,2.402072;0.2771214,0.1614205,2.396212;0.6812944,0.2626613,2.329963;0.28376,0.2299197,2.327652;0.7631112,-0.5111858,2.53963;0.2769677,-0.4927371,2.563783;0.7108628,-0.8060068,2.648969;0.3286067,-0.8043395,2.64139;0.721182,-0.881873,2.593885;0.3022912,-0.8780178,2.588708;
0.5164892,0.3370571,2.96072;0.5286582,-0.2165036,2.941301;0.5262524,-0.2824021,2.917129;0.6044196,-0.3430778,2.898658;0.4495624,-0.3450653,2.923124;0.5219747,0.127316,2.945516;0.6732729,0.05177519,2.90403;0.4046214,0.07384495,2.941818;0.7718076,0.02828272,2.666568;0.2782148,0.0251749,2.661348;0.7174891,0.1790474,2.405818;0.2781785,0.1617156,2.395857;0.6838806,0.2490878,2.333193;0.2847898,0.2271515,2.327474;0.7529114,-0.507207,2.549536;0.28693,-0.4879122,2.570828;0.7105101,-0.8055347,2.648865;0.3284519,-0.8037877,2.641161;0.7211637,-0.881635,2.594182;0.3025505,-0.8779469,2.588963;
0.5255238,0.3714361,2.980387;0.5351671,-0.1806991,2.952733;0.5327969,-0.2466808,2.924495;0.6109653,-0.3087938,2.902459;0.4562294,-0.3134565,2.930768;0.5261899,0.1678774,2.96108;0.6811351,0.07995211,2.923949;0.4043351,0.09396004,2.963306;0.7749163,0.0395731,2.691014;0.2790871,0.04473766,2.65642;0.7235028,0.1386055,2.437542;0.2818468,0.1303809,2.430002;0.6835172,0.2332011,2.335186;0.2865686,0.2140191,2.332338;0.7403141,-0.502256,2.561176;0.2995734,-0.4790128,2.586123;0.7101199,-0.8052531,2.648768;0.328915,-0.8036951,2.641204;0.721154,-0.8814775,2.594346;0.302547,-0.8777072,2.589045;
0.5277501,0.390671,2.99604;0.5346768,-0.159195,2.964717;0.5335685,-0.2256636,2.931976;0.6132772,-0.2907053,2.908327;0.4576109,-0.2918817,2.936873;0.5187075,0.1992013,2.981157;0.6864871,0.09779581,2.934307;0.4021947,0.1116868,2.969898;0.7778628,0.04359504,2.703493;0.2761534,0.04874117,2.673176;0.7243325,0.1358766,2.440441;0.2864417,0.1629383,2.371442;0.6857153,0.2111805,2.340029;0.2886377,0.1879807,2.34712;0.7342163,-0.493352,2.569421;0.3094267,-0.4696448,2.594695;0.7093584,-0.8034993,2.649791;0.3290483,-0.8038128,2.641161;0.7205931,-0.8798781,2.595639;0.302595,-0.8776793,2.588852;
0.5328445,0.4303352,3.033701;0.5374771,-0.1419807,2.974315;0.5369648,-0.2099557,2.936176;0.6167773,-0.2718318,2.911229;0.4618021,-0.2770046,2.938825;0.5221273,0.2381871,3.009805;0.6913791,0.1238339,2.945895;0.4027526,0.1145069,2.970417;0.7793133,0.04661441,2.721116;0.2920452,0.08388408,2.654841;0.7257868,0.1283283,2.448175;0.286633,0.1350147,2.417614;0.6897652,0.1923772,2.350671;0.2883459,0.165235,2.364783;0.7295847,-0.4854606,2.576488;0.314661,-0.464022,2.601383;0.7088365,-0.803147,2.649693;0.3290206,-0.8003867,2.64061;0.7204948,-0.8793473,2.595392;0.3031959,-0.8752126,2.589373;
0.5290362,0.4481544,3.048418;0.5445936,-0.1217624,2.980115;0.544881,-0.1899782,2.938438;0.6255941,-0.2483206,2.913434;0.4688114,-0.2604925,2.938745;0.5288434,0.2564857,3.01366;0.6989858,0.1550144,2.959074;0.405686,0.1187945,2.970886;0.7800758,0.05987071,2.739273;0.2917955,0.08468145,2.656947;0.7406916,0.09801243,2.48879;0.2928752,0.1325951,2.404421;0.6905496,0.1775168,2.355114;0.2863489,0.1508596,2.375074;0.7258465,-0.4782384,2.585896;0.3201087,-0.4579127,2.608306;0.708593,-0.8027885,2.650329;0.3287851,-0.7971131,2.642775;0.7200024,-0.8790324,2.596047;0.3044183,-0.8719862,2.590909;
0.5261745,0.4892762,3.082781;0.5521672,-0.07453511,2.994784;0.5494483,-0.1399461,2.948519;0.6303713,-0.2104158,2.921815;0.4704429,-0.2111115,2.941446;0.5412067,0.300942,3.039643;0.6983625,0.1792068,2.97135;0.3885055,0.1956636,3.012527;0.7901624,0.07895882,2.759139;0.2670191,0.1540406,2.702741;0.7309291,0.09602782,2.466292;0.2839276,0.1255376,2.404398;0.696089,0.1443455,2.373245;0.2875446,0.1239412,2.386065;0.7189931,-0.4625014,2.608159;0.3343055,-0.44216,2.628653;0.70818,-0.8024638,2.651038;0.3295829,-0.7955006,2.644304;0.7198353,-0.8785446,2.596591;0.3049918,-0.8699402,2.591934;
0.530926,0.5129769,3.095347;0.5490323,-0.05703883,3.000559;0.5467184,-0.120541,2.951751;0.6298672,-0.185946,2.923682;0.4660764,-0.1924159,2.944596;0.5382597,0.3153897,3.047627;0.6996071,0.2176967,2.984858;0.3862591,0.2121498,3.015978;0.799342,0.108155,2.782336;0.2647712,0.1705263,2.70619;0.7244393,0.09281453,2.468145;0.296077,0.1055104,2.407778;0.7054948,0.1078975,2.402155;0.2924863,0.09608001,2.415948;0.7176504,-0.4524634,2.62256;0.3372243,-0.4368523,2.633443;0.7084401,-0.800914,2.652077;0.3302841,-0.7946898,2.645431;0.7193645,-0.8773619,2.598005;0.3062257,-0.8690959,2.592778;
0.5300672,0.5317196,3.107414;0.5496106,-0.0318934,3.006626;0.5472589,-0.09611751,2.955224;0.6309117,-0.1632689,2.927253;0.465515,-0.1710598,2.945951;0.5416636,0.3487138,3.058501;0.7001938,0.2363342,2.992881;0.3824393,0.2233268,3.017936;0.8389757,0.1023318,2.84181;0.262833,0.1428429,2.71589;0.7494436,0.08762711,2.531636;0.3023876,0.05721963,2.444163;0.7137721,0.08331814,2.408632;0.294056,0.07682152,2.436301;0.7140939,-0.4421179,2.636693;0.3417013,-0.4271438,2.643041;0.7092354,-0.7984393,2.654455;0.3306594,-0.794681,2.646465;0.7186832,-0.875252,2.600632;0.3065059,-0.8684421,2.592965;
0.5404945,0.5840336,3.140005;0.5553061,0.005319085,3.0126;0.5521905,-0.05966881,2.9571;0.6356542,-0.1256337,2.925753;0.4702908,-0.1338536,2.946466;0.5486048,0.3980261,3.079989;0.7056603,0.28196,3.011315;0.3811779,0.2656661,3.037765;0.8144948,0.1229178,2.859932;0.2725752,0.1560847,2.741295;0.7511525,0.0732578,2.546811;0.3037573,0.04458974,2.463148;0.7243883,0.05975433,2.436104;0.2993964,0.05485711,2.463937;0.7123289,-0.425556,2.656204;0.3449461,-0.4234034,2.648285;0.7089458,-0.7970372,2.656014;0.331245,-0.7953362,2.648435;0.718161,-0.873686,2.601928;0.3075131,-0.868651,2.594148;
0.5412967,0.5996468,3.15388;0.5529,0.02907201,3.015578;0.5501484,-0.0312761,2.957151;0.6339236,-0.09943926,2.92246;0.4691861,-0.1084111,2.944704;0.5434769,0.4128218,3.088749;0.7085249,0.2948644,3.018702;0.3776519,0.2918827,3.050801;0.8265391,0.1406149,2.869709;0.273262,0.164363,2.760669;0.7887561,0.09295994,2.634866;0.3140032,-0.05761358,2.782798;0.7390609,0.02819965,2.475772;0.3275836,-0.1316058,2.794991;0.7093805,-0.4145179,2.670484;0.3466366,-0.4226117,2.651622;0.7092071,-0.7954548,2.659095;0.3339356,-0.7948241,2.653494;0.717401,-0.8720175,2.604731;0.3084831,-0.865325,2.596343;
0.550517,0.6403304,3.184486;0.5539973,0.04866739,3.017193;0.5519024,-0.01239607,2.955014;0.6347321,-0.07482387,2.918828;0.4728329,-0.08670165,2.938466;0.5411249,0.4513837,3.115882;0.7042406,0.3311636,3.034713;0.3751569,0.3081139,3.056511;0.8178818,0.1675672,2.894154;0.286978,0.1655737,2.872672;0.7707008,0.06779447,2.641167;0.2845256,0.05583655,2.657679;0.7483683,0.009446334,2.508872;0.3027123,0.009766066,2.545621;0.7071791,-0.4099161,2.680933;0.3550053,-0.4126042,2.669422;0.7090954,-0.7932283,2.662182;0.3341351,-0.7950622,2.657426;0.7169053,-0.8693087,2.607097;0.309002,-0.8636901,2.59791;
0.5437985,0.65727,3.191014;0.5535312,0.06875315,3.018854;0.5519582,0.006397707,2.952753;0.6335121,-0.05179448,2.913175;0.4741018,-0.07053202,2.936318;0.538668,0.4808123,3.13112;0.6998225,0.3512832,3.038933;0.3743612,0.3327396,3.060678;0.8135356,0.1838755,2.904239;0.2944786,0.1723724,2.876705;0.8094193,0.05779856,2.699134;0.279949,0.04202406,2.675012;0.7690573,-0.008908306,2.567879;0.3073303,-0.01340739,2.578261;0.7050084,-0.4118744,2.690234;0.3563985,-0.4193676,2.674821;0.7079164,-0.7907703,2.66842;0.3347814,-0.7951359,2.65961;0.7165586,-0.8660842,2.610804;0.3094838,-0.8629018,2.598961;
0.5364393,0.678921,3.199234;0.5549719,0.09268482,3.019232;0.5516188,0.03282227,2.951257;0.6344221,-0.02875298,2.911638;0.4702833,-0.04305109,2.933645;0.5444546,0.4967905,3.131837;0.6991062,0.3664665,3.041645;0.3726922,0.3556795,3.071221;0.8202588,0.1959476,2.921064;0.2923866,0.1725767,2.887011;0.8114683,0.06050695,2.722665;0.291141,0.01697841,2.705091;0.7795628,-0.01864138,2.586771;0.3101684,-0.02791704,2.612687;0.7011052,-0.4112101,2.706515;0.363104,-0.4219544,2.689481;0.7091759,-0.7879957,2.673083;0.3354066,-0.7941681,2.661541;0.7164776,-0.8653508,2.610852;0.3097418,-0.8627853,2.599278;
0.5366271,0.6993647,3.203886;0.555259,0.1000344,3.017533;0.5523704,0.04715587,2.949038;0.6330961,-0.01320044,2.908473;0.4742172,-0.02806416,2.930933;0.5436392,0.4888566,3.124415;0.6989523,0.3863918,3.047929;0.3727266,0.3726491,3.07585;0.8202307,0.205125,2.945653;0.2937599,0.173129,2.905952;0.8111963,0.04976326,2.744727;0.2995822,0.006059036,2.735586;0.7908573,-0.02814136,2.625594;0.3245052,-0.04219028,2.644012;0.6978419,-0.4127321,2.721269;0.372903,-0.4217113,2.713706;0.7093038,-0.7825903,2.683731;0.3360861,-0.7933068,2.666178;0.7157962,-0.8615978,2.616158;0.3101965,-0.8626972,2.601834;
0.5323253,0.726372,3.216002;0.5560293,0.1405196,3.019241;0.5532347,0.076355,2.947729;0.6329025,0.01792431,2.912579;0.476506,0.003029459,2.922764;0.543312,0.5528787,3.143161;0.6988901,0.4101585,3.058202;0.3732532,0.3852068,3.080396;0.8194268,0.2026474,2.950293;0.2969858,0.1704974,2.924905;0.8145329,0.03245182,2.783317;0.3077492,-0.01770583,2.781155;0.801843,-0.03198553,2.687328;0.3248858,-0.08450101,2.708366;0.6944689,-0.4159284,2.734851;0.378092,-0.4199881,2.726641;0.7080348,-0.7791506,2.691406;0.3378177,-0.7925081,2.671746;0.7155995,-0.8605574,2.617926;0.309761,-0.8622574,2.602408;
0.5291537,0.7269586,3.222478;0.5551459,0.140387,3.017447;0.5514079,0.08135965,2.945207;0.6265352,0.02723968,2.895367;0.4757615,0.004930253,2.92497;0.5460909,0.4986888,3.111989;0.6924765,0.4270536,3.062624;0.3692717,0.4057162,3.086249;0.8165994,0.2008847,2.958895;0.3243475,0.1575016,2.979001;0.8103688,0.02912335,2.793735;0.3124166,-0.02085607,2.822071;0.8058771,-0.04019161,2.721426;0.3240408,-0.09394155,2.754419;0.6925404,-0.4279464,2.755852;0.3864492,-0.4197943,2.744271;0.7079439,-0.7796613,2.696805;0.3393989,-0.7899616,2.677286;0.7154593,-0.8604972,2.621615;0.3114196,-0.8606934,2.606607;
0.5327823,0.7314823,3.226007;0.5541622,0.1471379,3.01355;0.5503226,0.09981008,2.940619;0.6246414,0.04152391,2.897652;0.4778533,0.03147292,2.91613;0.5449281,0.5032188,3.11442;0.6898124,0.4465567,3.0712;0.3709447,0.412845,3.087909;0.8152931,0.1986427,2.965832;0.324858,0.164588,2.984385;0.8143792,0.01343252,2.817399;0.3140264,-0.02670336,2.845254;0.8054295,-0.06952831,2.729209;0.335858,-0.1059766,2.746582;0.6909195,-0.4291964,2.76739;0.3969038,-0.4173544,2.764601;0.7069341,-0.780136,2.701173;0.3401271,-0.7891952,2.681439;0.7159426,-0.8608289,2.622659;0.3124172,-0.860901,2.610875;
0.5328278,0.7283578,3.225198;0.5522386,0.1476247,3.011012;0.5482032,0.1011011,2.939069;0.6187959,0.04453234,2.884091;0.4750074,0.02820374,2.920379;0.543532,0.5006019,3.111651;0.6873417,0.4515465,3.072048;0.3669832,0.4198358,3.09269;0.8155686,0.199715,2.973512;0.3234556,0.1770484,3.006941;0.8126656,0.009056032,2.832983;0.3138908,-0.01624846,2.870835;0.8111036,-0.07028142,2.771694;0.3248476,-0.0951463,2.80994;0.6897723,-0.4332345,2.782459;0.4012595,-0.422276,2.773275;0.7075896,-0.7800019,2.70551;0.345647,-0.7870486,2.690882;0.7164567,-0.8606228,2.62474;0.3124396,-0.8596363,2.614474;
0.5331766,0.7266442,3.22533;0.5500677,0.1483781,3.008375;0.5442968,0.1030625,2.936861;0.6082534,0.04966277,2.868686;0.4722955,0.02484774,2.926243;0.5428822,0.4993071,3.110242;0.6768135,0.4526807,3.065532;0.3675426,0.4267198,3.095149;0.815465,0.1966835,2.976795;0.3219523,0.1806378,3.015088;0.8119048,-0.004489688,2.848588;0.3114757,-0.01935618,2.890417;0.811082,-0.07582603,2.778135;0.3157445,-0.09889399,2.829519;0.6883528,-0.4336364,2.793158;0.4043716,-0.4251263,2.779035;0.7082695,-0.7788509,2.710099;0.348936,-0.7850651,2.697808;0.7165226,-0.8605539,2.624898;0.3141218,-0.8591957,2.618026;
0.5329784,0.7223395,3.222369;0.5470389,0.1476622,3.003965;0.5407997,0.1033002,2.933025;0.6050692,0.0493785,2.865167;0.4717826,0.02458476,2.926266;0.5409775,0.495464,3.105567;0.6741855,0.453166,3.063853;0.368867,0.427717,3.095501;0.8175142,0.1962819,2.984517;0.3208717,0.1796534,3.024828;0.8128137,-0.005917891,2.850915;0.3092074,-0.02245295,2.904199;0.8112318,-0.077654,2.780884;0.3133158,-0.1032422,2.844961;0.6878419,-0.4350649,2.799822;0.4050874,-0.4301818,2.787192;0.7089959,-0.777133,2.718855;0.3484694,-0.7837727,2.700671;0.7173489,-0.860569,2.62981;0.3142571,-0.859127,2.618468;
0.5308151,0.7201433,3.218862;0.5430229,0.1477823,2.999324;0.5357334,0.1040522,2.9287;0.5996661,0.04953574,2.859983;0.469403,0.02414426,2.925874;0.5377589,0.4937559,3.100401;0.6679722,0.4537572,3.060666;0.3686281,0.4279823,3.096174;0.8181717,0.194249,2.987776;0.3204103,0.1777798,3.028047;0.8138059,-0.008343536,2.857056;0.3097022,-0.0532691,2.910043;0.812518,-0.07880214,2.785733;0.3125423,-0.1261276,2.841221;0.688174,-0.4383587,2.806038;0.4050043,-0.4313448,2.789647;0.7109144,-0.7777724,2.72247;0.349021,-0.7834128,2.706393;0.7175697,-0.8608893,2.630601;0.3155217,-0.8587801,2.622993;
0.5276665,0.7200507,3.214674;0.5418409,0.1486001,2.998321;0.5337853,0.1055056,2.927622;0.5950934,0.05146271,2.851896;0.4675583,0.0224753,2.928501;0.5370815,0.4930197,3.098367;0.6651014,0.454088,3.058705;0.3690032,0.4282856,3.09599;0.817768,0.1937047,2.988561;0.3203764,0.1764798,3.034241;0.8148494,-0.01198909,2.861777;0.3091956,-0.05464935,2.911677;0.8140079,-0.08445862,2.79249;0.3101855,-0.1328892,2.848982;0.6878231,-0.4394032,2.807975;0.4037964,-0.4322673,2.791957;0.7111311,-0.7775079,2.7236;0.3485339,-0.7836177,2.706998;0.717771,-0.860844,2.631266;0.3156328,-0.858885,2.623384;
0.5257155,0.7181398,3.20859;0.5409489,0.1492154,2.996345;0.5322692,0.1068788,2.925611;0.5924501,0.05387374,2.858302;0.4660363,0.03182925,2.918245;0.5360122,0.4903176,3.094809;0.6634346,0.4551768,3.05724;0.3687718,0.4287786,3.096826;0.817039,0.1920294,2.990546;0.3211883,0.1683158,3.041454;0.8162503,-0.01279306,2.864292;0.3080807,-0.05619806,2.919133;0.8163103,-0.08689854,2.796753;0.3001768,-0.1407079,2.865759;0.6874804,-0.4395736,2.80796;0.402235,-0.432334,2.792608;0.7111417,-0.7770578,2.725026;0.3484962,-0.7844664,2.707721;0.7179179,-0.860642,2.631556;0.3159193,-0.8593113,2.624098;
0.5238252,0.7174907,3.205261;0.5399305,0.1480059,2.995018;0.5310289,0.1058821,2.924186;0.5918217,0.05261102,2.857414;0.4647057,0.02951632,2.918463;0.5358997,0.4891519,3.093359;0.6629336,0.4566864,3.057016;0.3686311,0.4289438,3.096013;0.8161262,0.1910384,2.992044;0.320877,0.1644479,3.044295;0.81564,-0.01347093,2.864985;0.3069923,-0.05786834,2.919736;0.8170255,-0.08894217,2.798989;0.2995271,-0.1417936,2.866644;0.6873463,-0.4394704,2.807687;0.4001333,-0.4326771,2.792275;0.7109986,-0.777037,2.725328;0.3484864,-0.7844902,2.707776;0.7180411,-0.8607149,2.633132;0.3161788,-0.8590788,2.62498;
0.5236927,0.7205489,3.205186;0.5396079,0.1481808,2.993361;0.5305195,0.1056665,2.921993;0.5921197,0.05241656,2.855903;0.4642967,0.02887063,2.91798;0.535622,0.4924403,3.092418;0.6623093,0.4574766,3.056078;0.3690682,0.4304222,3.095734;0.8139639,0.1911797,2.993353;0.3221612,0.1600477,3.043312;0.815506,-0.01363615,2.865024;0.3024352,-0.06588528,2.922756;0.8174125,-0.08996885,2.80004;0.2962004,-0.1468002,2.875348;0.6858162,-0.4385125,2.80592;0.3993607,-0.4330718,2.791364;0.7111658,-0.776754,2.726651;0.3483957,-0.784436,2.707808;0.7181051,-0.8607382,2.633307;0.3164494,-0.8591858,2.625407;